5 0.2109375 0.5052083333333334 0.05859375 0.035416666666666666
5 0.303125 0.484375 0.046875 0.03125
5 0.25546875 0.43645833333333334 0.02578125 0.036458333333333336
5 0.5234375 0.46041666666666664 0.03828125 0.03229166666666667
0 0.65234375 0.575 0.08203125 0.05520833333333333
0 0.74609375 0.5583333333333333 0.08671875 0.03958333333333333
0 0.7453125 0.4947916666666667 0.046875 0.034375
5 0.8125 0.48333333333333334 0.04296875 0.03125
5 0.69453125 0.44166666666666665 0.03984375 0.036458333333333336
5 0.74453125 0.4583333333333333 0.03125 0.026041666666666668
5 0.77734375 0.465625 0.028125 0.027083333333333334