5 0.49609375 0.11458333333333333 0.0265625 0.07916666666666666
5 0.51171875 0.2375 0.0234375 0.0625
5 0.54765625 0.17395833333333333 0.028125 0.03333333333333333
5 0.5296875 0.53125 0.025 0.05
0 0.44375 0.703125 0.040625 0.10833333333333334
0 0.45625 0.828125 0.0296875 0.11666666666666667
0 0.50390625 0.8270833333333333 0.025 0.0625
5 0.5125 0.9166666666666666 0.0234375 0.058333333333333334
5 0.54375 0.759375 0.028125 0.05416666666666667
5 0.53125 0.8260416666666667 0.01875 0.041666666666666664
5 0.52578125 0.8697916666666666 0.0203125 0.0375