5 0.7890625 0.5052083333333334 0.059375 0.035416666666666666
5 0.696875 0.484375 0.046875 0.03125
5 0.74453125 0.43645833333333334 0.025 0.0375
5 0.4765625 0.46041666666666664 0.0375 0.03333333333333333
0 0.34765625 0.575 0.08125 0.05416666666666667
0 0.25390625 0.5583333333333333 0.0875 0.03958333333333333
0 0.2546875 0.4947916666666667 0.046875 0.03333333333333333
5 0.1875 0.48333333333333334 0.04375 0.03125
5 0.30546875 0.44166666666666665 0.040625 0.0375
5 0.25546875 0.4583333333333333 0.03125 0.025
5 0.22265625 0.465625 0.028125 0.027083333333333334